num crossings	time (s)	maj axis (mm)	min axis (mm)	theta (rad )	slope (V/s)
84953	490405.376001	80.299539	-4.803997	1.513248	10.936223
84955	490407.448391	57.280622	1.217645	1.546190	10.811477
84959	490411.596327	56.506764	1.139335	1.526614	11.280069
84975	490428.187273	56.552417	1.115887	1.524636	10.964133
84989	490442.702546	56.519883	1.118184	1.524965	10.930140
84991	490444.775699	56.374707	1.216295	1.526019	10.707195
85007	490461.365782	56.513752	1.127011	1.522887	11.446573
85037	490492.470518	56.493065	1.120886	1.521086	10.858577
85045	490500.765224	56.510625	1.127044	1.520629	10.706788
85051	490506.987221	56.511810	1.126086	1.519680	10.906855
85059	490515.281847	56.506150	1.122403	1.519735	10.895039
85065	490521.502729	56.345063	1.119876	1.519487	11.082689
85073	490529.797758	56.482527	1.126219	1.517702	10.723616
85079	490536.018922	56.329041	1.113869	1.517675	11.303298
85081	490538.092372	56.422306	1.213558	1.518838	10.705670
85087	490544.313886	56.506171	1.110558	1.517034	10.704406
85089	490546.387409	57.212796	1.215920	1.534846	11.088539
85095	490552.608581	56.385996	1.208196	1.516984	11.238072
85099	490556.756350	56.645062	1.130928	1.524426	11.165488
85107	490565.051159	56.484300	1.107511	1.514975	10.679463
85119	490577.493281	56.510133	1.115778	1.514406	10.740258
85121	490579.567135	57.390007	1.186324	1.530631	11.462456
85125	490583.714216	56.511474	1.112990	1.513416	11.489549
85127	490585.787919	56.390108	1.218967	1.514697	10.922429
85149	490608.598759	56.346843	1.214119	1.512950	10.929923
85151	490610.672410	57.218296	1.219343	1.528256	10.562491
85157	490616.894076	56.444197	1.120388	1.509386	10.760175
85161	490621.041058	56.572241	1.105415	1.510172	10.351075
85167	490627.262075	56.527803	1.106427	1.509133	11.048083
85171	490631.410177	56.457614	1.106337	1.510673	11.026870
85181	490641.778235	56.514365	1.114396	1.508604	11.071071
85185	490645.925691	56.549368	1.112098	1.507352	10.826185
85187	490647.999182	57.376661	1.231637	1.525435	10.993191
85217	490679.105475	56.565768	1.097236	1.505104	11.105830
85221	490683.252599	56.108444	1.204018	1.506833	10.961849
85225	490687.400023	56.572409	1.099481	1.504526	11.016095
85235	490697.768679	56.342329	1.100703	1.504466	11.080174
85239	490701.915976	56.541780	1.102021	1.502882	10.946736
85243	490706.063561	56.547126	1.089865	1.502331	10.677766
85259	490722.652958	56.530914	1.102276	1.502480	11.382478
85261	490724.726476	57.458876	1.184611	1.518385	11.073952
85263	490726.800188	56.770542	1.107053	1.502319	10.969489
85265	490728.873831	57.284071	1.200234	1.516690	10.630009
85269	490733.021324	56.502475	1.099218	1.501844	10.918347
85271	490735.094674	56.458518	1.201326	1.502732	10.899529
85273	490737.168844	57.411061	1.196400	1.517363	11.180536
85281	490745.463781	56.530444	1.106120	1.500013	11.560424
85283	490747.537524	56.453481	1.183045	1.500982	11.189114
85285	490749.610699	57.326955	1.206875	1.515638	10.916372
85297	490762.053576	56.565100	1.091113	1.498418	10.673998
85315	490780.715868	56.579410	1.092742	1.496844	10.968024
85317	490782.789679	57.245207	1.176205	1.513026	11.213492
85333	490799.379545	56.569959	1.098651	1.494938	10.594344
85335	490801.452773	56.407270	1.197982	1.496462	11.083771
85337	490803.526756	56.395952	1.199197	1.496622	10.926511
85339	490805.600806	56.353906	1.183749	1.496247	10.959044
85341	490807.673893	57.335420	1.216677	1.510861	11.102295
85345	490811.821516	56.581296	1.102189	1.494383	10.976319
85347	490813.895526	57.383669	1.179428	1.509807	10.626821
85363	490830.484672	56.576227	1.098853	1.492971	10.807806
85365	490832.558596	57.407179	1.191924	1.508591	11.049661
85367	490834.632153	56.577387	1.121105	1.493305	11.350581
85373	490840.853718	56.606789	1.118191	1.490890	11.147925
85379	490847.074811	56.600240	1.118468	1.491315	11.047816
85389	490857.442856	56.571373	1.116069	1.491263	10.813299
85391	490859.516304	57.121078	1.218296	1.509235	10.937713
85399	490867.811268	56.629587	1.120819	1.489249	10.632727
85413	490882.327468	56.583124	1.123717	1.488646	10.812424
85419	490888.548585	55.970703	-3.821986	1.493108	11.091175
85427	490896.843266	56.572648	1.092045	1.487993	10.918560
85429	490898.917143	56.427743	1.204355	1.489478	11.198469
85431	490900.990986	56.204032	1.194487	1.488241	11.013505
85433	490903.064357	57.562368	1.214091	1.506006	10.697393
85437	490907.212204	56.392424	1.222736	1.487621	10.934031
85441	490911.358897	56.216332	-3.327965	1.488541	10.576035
85443	490913.433483	56.532774	1.149216	1.484511	11.006867
85449	490919.653979	56.610225	1.113031	1.486259	11.122979
85453	490923.801678	56.548876	1.113442	1.485406	10.673349
85481	490952.833563	57.564609	1.198627	1.499504	11.026182
85495	490967.349612	56.589656	1.115860	1.482750	10.870036
85497	490969.422819	56.496962	1.218864	1.483482	11.110613
85499	490971.496873	56.396882	1.219263	1.484002	11.322742
85501	490973.570471	57.624694	1.200979	1.498822	10.888694
85505	490977.717834	56.606844	1.113595	1.480169	10.976378
85509	490981.864961	56.365871	1.194412	1.482632	10.256289
85513	490986.012848	56.611948	1.102362	1.480591	11.090006
85517	490990.159196	56.627683	1.099979	1.480653	10.426649
85519	490992.233355	56.419966	1.204813	1.482543	11.167646
85527	491000.528507	56.652697	1.094385	1.478774	10.931207
85537	491010.897285	56.578570	1.101591	1.479482	10.600141
85539	491012.970461	57.590376	1.217321	1.495398	10.928487
85551	491025.412908	56.579714	1.106777	1.477481	10.904253
85559	491033.707612	56.622999	1.099757	1.477154	10.929341
85563	491037.855314	56.635660	1.109225	1.476179	11.330455
85575	491050.296942	56.602530	1.117133	1.476030	11.259636
85579	491054.444792	56.617218	1.115979	1.475891	10.942556
85581	491056.518067	56.487651	1.194870	1.476569	10.772449
85583	491058.592541	57.737872	1.225743	1.491149	10.773359
85599	491075.181508	56.634166	1.121631	1.473812	11.289257
85601	491077.255305	57.549696	1.232074	1.490063	10.821560
85609	491085.549877	57.560801	1.210890	1.488680	11.008188
85615	491091.770972	56.613841	1.109498	1.472605	10.525372
85629	491106.286935	56.565716	1.108052	1.470753	10.834642
85637	491114.582232	56.546167	1.114605	1.471442	10.618491
85643	491120.802815	57.435910	1.104060	1.478712	10.578489
85645	491122.876043	56.889294	1.137691	1.471072	10.625240
85649	491127.023977	56.601124	1.115111	1.470550	10.834058
85657	491135.319200	56.012571	1.219489	1.471587	10.740007
85659	491137.392337	56.537634	1.211513	1.471300	10.999980
85661	491139.465736	56.440575	1.219036	1.471175	11.333530
85663	491141.539511	57.160301	1.190398	1.486578	10.915188
85667	491145.686930	56.620340	1.098342	1.467343	10.805759
85675	491153.982206	56.610192	1.113880	1.467764	10.929197
85677	491156.055683	56.388872	1.202904	1.469331	11.110158
85679	491158.129087	57.054627	1.233689	1.487367	10.489984
85691	491170.571731	56.570894	1.137502	1.465270	10.845782
85695	491174.718782	56.647078	1.113372	1.465434	10.700138
85721	491201.676775	56.650394	1.101018	1.462816	11.003917
85729	491209.971270	56.675242	1.108115	1.464423	11.016773
85737	491218.266058	56.626086	1.127526	1.463890	11.219796
85739	491220.340134	57.657786	1.209995	1.477918	10.949637
85743	491224.486768	56.620725	1.108914	1.463193	10.940561
85747	491228.634740	56.669558	1.111344	1.460926	11.072989
85751	491232.782215	57.618996	1.232279	1.479203	10.916011
85753	491234.856155	56.637428	1.115636	1.462193	11.362380
85761	491243.150165	56.603382	1.111590	1.461353	10.919732
85767	491249.371540	56.832955	1.119834	1.461418	11.018461
85771	491253.518651	56.608356	1.094952	1.460371	11.231717
85775	491257.666334	56.616630	1.123448	1.457825	10.975550
85795	491278.403825	56.639931	1.111857	1.458636	11.223084
85797	491280.477259	55.988531	1.208159	1.460382	11.067914
85801	491284.624600	56.725002	1.095519	1.457133	10.856327
85805	491288.771637	56.624046	1.089825	1.456603	10.793277
85819	491303.287485	56.552518	1.105402	1.456085	10.755486
85821	491305.361005	56.586644	1.123902	1.454242	11.344892
85823	491307.434819	56.639608	1.111731	1.455976	11.224687
85831	491315.729810	56.472267	1.206761	1.457544	11.161868
85835	491319.876740	56.548500	1.190615	1.457028	10.712815
85837	491321.950752	57.725817	1.186712	1.470344	10.766144
85841	491326.097980	56.490546	1.168554	1.456456	10.953363
85853	491338.540374	56.592504	1.070546	1.454414	11.162623
85865	491350.982415	56.501582	1.071549	1.453072	11.450353
85867	491353.056116	57.644948	1.177281	1.468040	11.273048
85881	491367.571809	56.687062	1.076200	1.450208	10.794301
85901	491388.309344	56.638040	1.103525	1.449659	10.626024
85903	491390.382814	56.594769	1.084029	1.447892	11.110326
85917	491404.898683	56.410198	1.156822	1.450075	10.944939
85921	491409.046411	56.629255	1.079331	1.448434	10.627285
85923	491411.119563	57.606435	1.177268	1.463324	10.996557
85927	491415.267126	57.649161	1.178950	1.462753	10.980900
85929	491417.341081	56.636612	1.074585	1.447536	11.423045
85933	491421.487845	56.703324	1.073259	1.447549	10.711066
85935	491423.562287	56.474302	1.173364	1.448876	10.969387
85945	491433.930159	56.896955	1.100350	1.447166	10.869353
85949	491438.077345	56.644975	1.089510	1.446275	11.128984
85951	491440.151356	56.758881	1.102614	1.444674	11.262808
85961	491450.519277	56.936235	1.089018	1.445703	11.169411
85965	491454.666493	56.525892	1.087107	1.443656	11.092973
85979	491469.182215	56.910690	1.114980	1.444212	11.181308
85991	491481.625158	56.837836	1.115831	1.443225	10.746618
85999	491489.919504	56.888705	1.084815	1.441870	11.124260
86001	491491.993293	56.629182	1.111334	1.442806	10.792836
86021	491512.730274	56.503229	1.124290	1.441040	10.677724
86027	491518.951092	56.610010	1.125820	1.440859	11.076682
86029	491521.025070	56.400821	1.192482	1.442171	11.277944
86045	491537.614503	56.637224	1.122424	1.437185	10.826087
86051	491543.835524	56.740725	1.095703	1.437605	10.932642
86059	491552.130018	56.694902	1.120399	1.438690	11.374355
86061	491554.203808	57.809348	1.240171	1.453905	11.258018
86065	491558.351150	56.617342	1.117209	1.437995	10.594517
86075	491568.719352	57.455069	1.232227	1.455439	11.374595
86087	491581.161640	56.640182	1.111155	1.434420	10.822268
86095	491589.456047	56.798647	1.115996	1.434599	10.713941
86101	491595.677634	56.866746	1.126651	1.435968	10.995004
86107	491601.898373	56.658757	1.119816	1.434907	11.252875
86117	491612.266699	56.961843	1.133495	1.434575	10.760779
86121	491616.413884	56.683309	1.105484	1.431839	11.145307
86129	491624.708864	56.679999	1.120747	1.433733	10.970853
86131	491626.781978	56.510894	1.193293	1.434715	10.839992
86139	491635.077193	56.681907	1.111298	1.432579	11.170378
86141	491637.150939	56.489119	1.196266	1.433753	11.118510
86147	491643.371840	56.645794	1.106892	1.430913	11.060137
86149	491645.445706	56.514575	1.178973	1.432438	11.264992
86155	491651.666422	56.703337	1.107356	1.431653	11.181434
86157	491653.740470	56.427349	1.167190	1.432740	11.097749
86159	491655.813634	56.504263	1.167456	1.431621	11.266175
86163	491659.961382	56.832350	1.084141	1.429068	11.172245
86169	491666.182270	56.657482	1.094943	1.430623	11.338784
86171	491668.256197	56.549242	1.164440	1.432003	10.584005
86181	491678.624119	56.656785	1.104821	1.428417	10.943378
86189	491686.918823	56.638067	1.095580	1.429206	10.845568
86199	491697.287163	56.441696	1.157385	1.429619	10.806956
86211	491709.728984	56.603520	1.085143	1.426127	11.361103
86225	491724.244553	56.254686	1.196357	1.428068	11.286606
86239	491738.760406	56.665617	1.103531	1.425077	11.067597
86251	491751.202295	56.833238	1.076893	1.422026	11.069149
86255	491755.349860	56.689269	1.087915	1.424208	11.011357
86273	491774.013177	56.726590	1.092373	1.422230	11.293881
86277	491778.161250	56.681735	1.079488	1.422339	10.771008
86283	491784.382204	56.444383	1.152902	1.423267	10.837476
86285	491786.455398	56.519292	1.148424	1.422751	11.137602
86291	491792.676977	56.634453	1.084698	1.420704	11.032602
86303	491805.118764	56.581743	1.087199	1.418912	11.241476
86305	491807.192732	57.887761	1.168382	1.433637	10.696780
86325	491827.928363	56.662344	1.071727	1.418562	11.458475
86327	491830.002370	56.141063	1.165939	1.420114	11.365506
86333	491836.223544	56.662261	1.084900	1.418032	10.952674
86337	491840.370854	56.181109	1.188725	1.419054	10.908866
86343	491846.591470	56.721313	1.085468	1.416627	11.198215
86347	491850.739479	56.665082	1.098440	1.417078	10.802870
86371	491875.623252	56.704742	1.112642	1.415599	10.846759
86379	491883.918005	56.718104	1.110868	1.415436	11.343351
86383	491888.065097	56.707638	1.083109	1.414596	10.969691
86387	491892.212569	56.689216	1.096082	1.413799	11.460125
86389	491894.286920	56.470257	1.176135	1.415075	10.921917
86395	491900.507721	56.466518	1.183405	1.415005	11.303021
86401	491906.728757	56.759264	1.096330	1.413297	11.063158
86405	491910.875696	56.708568	1.091738	1.412810	11.095898
86411	491917.096785	56.472049	1.152530	1.413932	10.493454
86413	491919.170333	56.583228	1.170282	1.413883	10.813080
86427	491933.686099	56.754559	1.074354	1.408522	10.989868
86443	491950.276926	56.673569	0.960524	1.407785	10.947587
86447	491954.424118	56.581935	0.949339	1.410176	11.095585
86461	491968.939446	56.758550	0.847366	1.407281	11.050313
86463	491971.013086	57.032016	0.866960	1.411956	11.034416
86467	491975.160859	56.757973	0.892053	1.409208	10.470841
86475	491983.455952	56.684596	0.815224	1.405562	10.985103
86477	491985.529174	56.599949	0.824313	1.408956	11.576363
86483	491991.750698	56.533817	0.869530	1.408259	10.939400
86485	491993.824258	56.401632	0.870165	1.409575	11.254053
86493	492002.118687	56.532548	0.761254	1.407338	11.047304
86495	492004.192596	56.423980	0.800325	1.408549	11.060425
86497	492006.267793	56.345820	0.827223	1.408114	11.332978
86505	492014.562160	56.578269	0.719186	1.406618	11.025465
86507	492016.636251	56.390824	0.801953	1.408597	11.196126
86513	492022.856910	56.411840	0.792404	1.408276	10.949328
86521	492031.151544	56.619302	0.676619	1.405970	11.211639
86523	492033.224995	56.449116	0.736595	1.405497	10.814364
86527	492037.373522	56.322230	0.659897	1.406024	10.957137
86543	492053.962384	56.789481	0.623607	1.401318	11.069062
86551	492062.257572	56.686821	0.602708	1.400925	10.892477
86555	492066.405443	56.585172	0.637530	1.403838	11.759413
86565	492076.773671	56.694773	0.599224	1.400143	10.867582
86581	492093.362984	56.591244	0.599577	1.402679	10.965154
86589	492101.657870	56.559232	0.590029	1.402079	11.206827
86595	492107.879142	56.590310	0.571429	1.401313	11.316897
86615	492128.616198	56.553226	0.549533	1.399740	10.658266
86621	492134.837273	56.355633	0.606019	1.400341	10.841455
86623	492136.910782	56.716266	0.504741	1.396414	10.856753
86627	492141.058655	56.587317	0.528427	1.398376	11.120602
86647	492161.795018	56.568706	0.518529	1.396799	11.235329
86649	492163.868705	56.395150	0.558516	1.398095	10.669128
86651	492165.942282	56.403058	0.583777	1.398067	11.017055
86663	492178.385257	56.562420	0.498274	1.396441	11.207939
86665	492180.458707	56.607866	0.567951	1.397369	11.241758
86697	492213.637705	56.603524	0.522558	1.394532	10.862663
86699	492215.711619	56.350875	0.583084	1.395888	11.105293
86701	492217.785190	56.727695	0.484927	1.390658	11.027679
86709	492226.080140	56.813693	0.498577	1.390431	10.805161
86711	492228.153785	56.741943	0.475036	1.390221	11.165169
86713	492230.227940	56.607313	0.524873	1.392966	10.725797
86723	492240.595902	56.782313	0.503895	1.389683	11.338756
86725	492242.670312	56.678208	0.535982	1.392975	11.153744
86729	492246.816646	56.466374	0.591778	1.393750	10.875433
86733	492250.964999	56.640324	0.526101	1.392479	11.848640
86735	492253.038200	56.484317	0.591366	1.392997	10.770881
86739	492257.185789	56.641212	0.522890	1.391950	11.050206
86743	492261.332727	56.474177	0.603926	1.391677	10.973238
86751	492269.627821	56.631881	0.530717	1.391244	11.110535
86761	492279.996660	56.596517	0.540448	1.390614	11.151109
86763	492282.070361	56.447129	0.588652	1.391517	10.807252
86767	492286.218136	58.146597	0.622574	1.401681	11.006492
86789	492309.028819	56.641422	0.530532	1.389368	11.264421
86791	492311.101696	56.228081	0.595670	1.390303	10.442230
86805	492325.618125	56.833880	0.511317	1.384970	11.159891
86807	492327.691462	56.789498	0.484971	1.384800	11.210519
86811	492331.839194	56.528238	0.532846	1.388295	10.654758
86813	492333.912402	56.793027	0.504633	1.384685	11.503264
86825	492346.355748	56.591942	0.532883	1.387201	11.030816
86827	492348.428687	56.786192	0.508501	1.383924	10.739913
86831	492352.576449	56.963538	0.514697	1.383813	11.251437
86835	492356.723664	56.606137	0.536278	1.386454	10.970742
86839	492360.871197	56.616612	0.530095	1.386474	10.798172
86841	492362.944718	56.763696	0.496482	1.382670	10.815108
86849	492371.239141	56.662096	0.523573	1.385543	10.855673
86855	492377.460836	56.850037	0.503202	1.382203	10.860264
86859	492381.608395	56.689892	0.525083	1.384670	10.978750
86863	492385.755059	56.741643	0.503678	1.381232	10.655127
86879	492402.345592	56.727756	0.530450	1.384180	11.722902
86881	492404.419391	56.748207	0.495796	1.380551	10.900222
86885	492408.566477	56.862769	0.510424	1.380182	11.144341
86887	492410.640648	56.622808	0.527353	1.383597	11.304054
86893	492416.861072	56.842484	0.503773	1.379807	10.599409
86895	492418.935091	56.919776	0.504642	1.380106	10.922960
86899	492423.082586	56.641346	0.540935	1.382689	11.110301
86905	492429.303122	56.762872	0.498878	1.378796	11.013669
86917	492441.745845	56.778178	0.509034	1.378622	10.507013
86923	492447.967108	56.616739	0.533742	1.381802	11.388826
86931	492456.262033	56.647329	0.519553	1.381807	11.562645
86939	492464.556649	56.764540	0.497728	1.377281	11.359698
86947	492472.850743	56.785054	0.497904	1.376885	10.864960
86953	492479.072215	56.803338	0.520198	1.376399	11.021220
86959	492485.293947	56.682532	0.543930	1.379543	10.814198
86963	492489.440527	56.787530	0.508414	1.375682	10.589477
86987	492514.326355	56.588187	0.536475	1.378532	10.453551
86989	492516.399154	56.765062	0.504421	1.374677	11.560213
86995	492522.620457	56.682485	0.545604	1.378086	10.797010
87013	492541.284033	56.672827	0.542171	1.377013	10.972954
87015	492543.357719	56.419789	0.602217	1.378097	11.021629
87023	492551.651820	56.691285	0.553624	1.376552	11.145898
87037	492566.168009	57.028799	0.547821	1.375631	10.887625
87041	492570.315992	56.775408	0.519052	1.371582	10.853510
87043	492572.389740	56.585741	0.541499	1.375643	11.180084
87049	492578.610541	56.811912	0.514161	1.371593	11.391583
87051	492580.684429	56.668707	0.542750	1.374649	11.078396
87059	492588.979029	56.770812	0.509164	1.370684	11.292694
87067	492597.273738	56.651207	0.551710	1.372677	10.847859
87069	492599.347566	56.455189	0.620899	1.374933	10.958238
87073	492603.494559	56.753815	0.500721	1.370220	11.229143
87077	492607.642406	56.508813	0.547852	1.373750	11.233967
87079	492609.716102	56.451581	0.596632	1.373998	10.698672
87087	492618.010449	56.821430	0.494633	1.369614	11.057123
87101	492632.527161	56.768089	0.525367	1.368350	11.098353
87103	492634.600189	56.658984	0.531972	1.372506	11.261332
87109	492640.821324	56.765570	0.510124	1.368045	10.925187
87115	492647.042362	56.656342	0.551388	1.371170	10.494394
87121	492653.264638	56.661542	0.533990	1.371887	11.207934
87131	492663.632713	57.581079	0.541819	1.372778	11.458743
87147	492680.222106	57.500467	0.565692	1.370599	11.045941
87157	492690.590490	56.716837	0.543194	1.369462	10.311910
87169	492703.033215	56.839570	0.524715	1.365090	11.024952
87179	492713.401277	56.681844	0.546932	1.368803	10.952751
87181	492715.475106	56.812908	0.508490	1.364548	10.980136
87187	492721.696762	56.821662	0.513908	1.364176	11.324296
87201	492736.212010	56.681281	0.536460	1.367427	11.199170
87205	492740.359963	56.794842	0.491073	1.363229	11.069319
87213	492748.654766	56.499428	0.582553	1.366996	10.591538
87215	492750.728017	56.805364	0.511380	1.362813	11.426390
87219	492754.876049	56.839615	0.506811	1.362599	11.253108
87227	492763.170382	56.679972	0.538077	1.365517	10.908824
87237	492773.539398	56.679288	0.537743	1.365663	11.237671
87241	492777.687018	56.854546	0.509788	1.361628	10.795416
87243	492779.761524	56.602717	0.553406	1.364306	11.013025
87245	492781.834400	56.813595	0.525425	1.361310	10.940614
87255	492792.203994	56.717958	0.534440	1.364463	10.957530
87263	492800.497293	56.676037	0.520055	1.364041	10.967369
87265	492802.571603	56.487685	0.598400	1.365064	11.074899
87277	492815.013171	56.798509	0.482145	1.359928	10.981646
87281	492819.160976	56.591755	0.522419	1.363267	11.289964
87283	492821.234750	56.802272	0.491851	1.359795	10.883949
87285	492823.308118	56.650280	0.532603	1.363616	11.610696
87287	492825.381873	56.807210	0.490732	1.359246	10.825524
87289	492827.455923	56.971911	0.503920	1.359613	10.687250
87299	492837.823858	56.814847	0.488037	1.358585	10.967976
87315	492854.414063	56.666842	0.505905	1.361333	10.914409
87317	492856.487887	56.904891	0.468803	1.358206	11.183754
87327	492866.855777	56.643764	0.511131	1.361072	11.063517
87329	492868.929375	56.789571	0.492291	1.356778	10.850618
87339	492879.298199	56.843284	0.478188	1.356803	10.857654
87343	492883.445368	56.840837	0.485781	1.356157	10.991910
87349	492889.666939	56.602356	0.519382	1.359851	11.191158
87357	492897.961321	56.859693	0.474344	1.355655	10.839622
87359	492900.035065	56.690842	0.508837	1.359730	11.207632
87361	492902.108569	56.816149	0.468266	1.355492	10.847031
87367	492908.329503	56.693435	0.504950	1.359126	10.703370
87369	492910.403106	56.865851	0.476944	1.355148	10.852432
87377	492918.698416	56.663667	0.514469	1.358640	11.098725
87387	492929.067118	56.469672	0.554625	1.358489	10.692542
87401	492943.583086	56.459077	0.543949	1.358014	11.116193
87403	492945.656591	56.793369	0.466067	1.353334	10.837911
87407	492949.803646	56.814825	0.485642	1.352589	11.140226
87411	492953.951157	56.682420	0.497984	1.356467	10.819663
87417	492960.172124	57.494435	0.482818	1.354544	10.958396
87423	492966.393717	56.672082	0.503983	1.356887	11.032007
87427	492970.541590	56.653623	0.509270	1.355483	11.346894
87429	492972.614716	56.555295	0.555671	1.356674	11.205844
87459	493003.720363	56.887903	0.472311	1.350972	11.180502
87463	493007.868081	56.801485	0.483197	1.350261	11.274213
87467	493012.015163	56.849751	0.484126	1.350546	10.917164
87469	493014.089274	56.957419	0.494499	1.350598	11.058071
87471	493016.162501	56.632944	0.519752	1.354854	11.050283
87485	493030.678752	56.786006	0.483508	1.349436	10.855762
87489	493034.826489	56.626152	0.507853	1.352750	10.835765
87499	493045.196053	56.641477	0.519115	1.352757	10.944641
87503	493049.343084	56.709164	0.520023	1.353109	11.368565
87505	493051.417383	56.842480	0.479621	1.348490	11.099717
87521	493068.006193	56.486255	0.539046	1.353460	10.895672
87527	493074.227296	56.800036	0.480999	1.346902	11.022634
87535	493082.522245	56.823898	0.455032	1.347295	10.878125
87537	493084.595670	56.814899	0.485937	1.346886	10.984986
87545	493092.890420	56.821575	0.473329	1.346672	11.182214
87547	493094.965003	56.551743	0.503043	1.350632	10.995076
87549	493097.038294	56.799540	0.466393	1.346632	11.085130
87553	493101.185727	56.803705	0.486502	1.346047	10.903764
87555	493103.260014	56.606920	0.519502	1.349746	11.012038
87559	493107.406130	56.630019	0.514206	1.349538	11.428566
87563	493111.554316	56.651723	0.514748	1.349676	10.858722
87567	493115.701430	56.655940	0.511112	1.349103	10.904079
87569	493117.775093	56.819808	0.485372	1.345411	11.162721
87573	493121.921923	56.457714	0.520798	1.349071	11.363937
87575	493123.996262	56.808136	0.484679	1.345049	10.883901
87577	493126.070449	56.601797	0.523077	1.349132	10.398860
87585	493134.365115	56.709755	0.516300	1.348610	11.054862
87591	493140.586765	56.852043	0.504354	1.344626	10.690485
87593	493142.659529	56.806947	0.477584	1.344574	10.745669
87599	493148.880621	56.658933	0.526343	1.349054	10.662919
87615	493165.469938	56.805100	0.475997	1.343456	11.322222
87617	493167.544006	56.660507	0.521840	1.347018	11.023744
87619	493169.617974	56.833088	0.465243	1.343430	11.078555
87625	493175.838924	56.843846	0.500464	1.342895	10.703578
87631	493182.059704	56.459851	0.525193	1.346723	10.966562
87633	493184.133860	56.787309	0.471683	1.342726	11.038379
87635	493186.206752	56.817454	0.497565	1.342509	10.833015
87641	493192.428414	56.353526	0.520455	1.347485	10.979168
87647	493198.649689	56.825372	0.473670	1.342556	11.158821
87651	493202.797409	56.642067	0.520239	1.345653	11.515682
87655	493206.944826	56.603171	0.513013	1.345648	10.803029
87657	493209.017527	56.818358	0.476819	1.341626	10.700533
87685	493238.049074	56.760831	0.452559	1.339706	11.046179
87707	493260.860434	56.490170	0.506271	1.341247	11.368658
87709	493262.934348	56.793216	0.452846	1.337865	10.510952
87711	493265.008428	56.852962	0.477997	1.338414	11.040865
87713	493267.081820	56.879758	0.493969	1.342063	11.487234
87719	493273.302842	56.688914	0.492721	1.341289	10.856304
87721	493275.376374	56.833938	0.451435	1.338087	11.209719
87739	493294.039913	56.807160	0.462218	1.337126	11.091990
87741	493296.112859	56.694573	0.492531	1.340657	11.248300
87749	493304.407770	56.857799	0.482460	1.336687	11.567482
87753	493308.555896	56.649803	0.512111	1.340356	10.791877
87763	493318.923592	56.951093	0.478773	1.336408	11.302259
87777	493333.440184	56.629633	0.506569	1.339192	11.128595
87781	493337.586854	56.786349	0.462519	1.334779	11.194324
87785	493341.735879	56.634647	0.511176	1.338870	10.699813
87789	493345.882768	56.799856	0.468504	1.334819	11.223506
87793	493350.029795	56.857239	0.474258	1.334198	10.833536
87797	493354.176935	56.827832	0.462607	1.334241	11.253125
87809	493366.619486	56.447414	0.547607	1.338069	10.798623
87817	493374.915254	56.786384	0.471837	1.333061	10.993452
87821	493379.062710	56.841478	0.477228	1.333208	10.565070
87823	493381.136192	56.605692	0.490125	1.336377	10.851536
87825	493383.209459	56.776486	0.467025	1.332618	10.727002
87833	493391.504783	56.618801	0.509700	1.336626	11.374798
87835	493393.579090	56.764704	0.470152	1.332209	11.013457
87845	493403.947157	56.844867	0.474506	1.332479	11.373966
87849	493408.094932	56.851726	0.476589	1.331856	10.772360
87859	493418.463884	56.799383	0.461277	1.331657	11.047026
87865	493424.685137	56.477355	0.586028	1.336708	11.056877
87869	493428.831264	56.808507	0.469132	1.330753	11.015395
87873	493432.978957	56.601357	0.495989	1.334556	10.971074
87875	493435.052806	56.786843	0.470342	1.330708	10.656596
87879	493439.200311	57.276606	0.518446	1.332610	11.496395
87887	493447.495416	56.815753	0.499561	1.330904	11.199329
87901	493462.010263	56.636187	0.511927	1.334286	10.753295
87907	493468.231049	56.441314	0.517651	1.333894	11.222027
87909	493470.303854	56.897017	0.468041	1.329639	10.978028
87913	493474.452444	56.579592	0.520575	1.331697	11.311847
87917	493478.598751	56.860793	0.477832	1.328552	11.229732
87923	493484.819946	56.802827	0.465485	1.328343	11.201717
87929	493491.041938	56.638581	0.507474	1.332040	10.931523
87931	493493.115562	56.554143	0.560194	1.332712	10.894390
87933	493495.189921	56.865812	0.469149	1.327905	10.856959
87937	493499.336975	56.664253	0.508540	1.331200	10.922871
87943	493505.558283	56.671281	0.510953	1.331851	10.779126
87947	493509.705080	56.755347	0.515536	1.331117	11.146911
87949	493511.778537	56.441158	0.585652	1.332754	11.233892
87959	493522.146340	56.839045	0.485498	1.326879	11.160951
87963	493526.293909	56.450630	0.584104	1.331681	11.027835
87965	493528.367877	56.827793	0.473532	1.326795	10.713534
87977	493540.810758	56.650718	0.521414	1.330026	11.106530
87985	493549.105577	56.416510	0.508019	1.329294	10.643936
87987	493551.178295	56.496004	0.559796	1.329889	11.130747
87993	493557.400359	56.831406	0.460049	1.325213	10.853424
87995	493559.473544	57.040771	0.494857	1.325893	10.921346
87997	493561.546870	56.793688	0.505430	1.329349	11.373169
88013	493578.136672	56.550603	0.466755	1.326978	10.896486
88015	493580.210382	56.510088	0.552089	1.327940	11.245657
88019	493584.357723	56.865545	0.460286	1.324118	11.281579
88021	493586.432051	56.814640	0.487625	1.324087	10.850975
88035	493600.947575	56.579876	0.506371	1.326442	10.847145
88047	493613.390004	56.621885	0.513063	1.326315	10.647978
88049	493615.463855	56.837343	0.457001	1.323053	10.867754
88051	493617.537801	56.921564	0.461266	1.323104	11.173582
88057	493623.758428	56.873536	0.471800	1.322729	10.479415
88059	493625.832071	56.668954	0.506573	1.326688	11.422824
88063	493629.979805	56.703439	0.510228	1.326834	11.188332
88065	493632.052757	56.862497	0.461417	1.322389	11.133169
88067	493634.126708	56.727975	0.520326	1.325908	10.736284
88077	493644.495411	56.925066	0.511410	1.325736	10.743413
88079	493646.568574	56.464062	0.545060	1.325545	10.745563
88081	493648.642558	56.877339	0.457889	1.321546	11.166555
88085	493652.789499	56.934430	0.483613	1.322086	11.011675
88089	493656.938165	56.678291	0.498487	1.325086	11.139878
88091	493659.011264	56.872788	0.451703	1.321294	10.902010
88093	493661.085082	56.884027	0.463167	1.320926	10.999044
88099	493667.306067	56.878667	0.456042	1.320833	10.268298
88111	493679.748629	58.199952	0.497273	1.323392	11.296895
88119	493688.042920	56.696425	0.486170	1.324049	10.821571
88121	493690.116391	56.866091	0.461687	1.319965	10.958922
88137	493706.706197	56.749254	0.511889	1.323256	11.110236
88141	493710.853030	56.697938	0.496383	1.322412	10.896413
88143	493712.926580	56.886670	0.464718	1.318929	10.926263
88147	493717.074980	56.566926	0.497075	1.322507	10.469520
88149	493719.148098	56.813732	0.449972	1.317596	10.504451
88155	493725.369970	56.883869	0.494326	1.318425	11.239906
88157	493727.443564	56.783690	0.499626	1.322764	11.232109
88159	493729.517493	56.512496	0.580878	1.323542	11.129286
88161	493731.591163	56.405600	0.537423	1.322809	10.727857
88165	493735.738789	56.935383	0.469133	1.317896	10.489755
88167	493737.812410	56.681196	0.500715	1.321235	11.402829
88171	493741.960323	56.889755	0.487808	1.317304	10.832697
88175	493746.106999	56.401566	0.545006	1.321773	11.116975
88177	493748.180711	56.883103	0.454022	1.317459	11.233493
88187	493758.549013	56.873983	0.462563	1.316823	10.919719
88191	493762.695971	56.731376	0.485611	1.320251	11.256032
88193	493764.770685	56.774067	0.465632	1.316155	11.118221
88195	493766.844359	56.595923	0.493447	1.319681	11.418134
88201	493773.064897	56.589494	0.487512	1.318982	10.672497
88205	493777.211504	56.723010	0.496794	1.320018	10.921885
88207	493779.286546	56.503127	0.576628	1.320674	10.811185
88209	493781.359793	56.384958	0.566335	1.321331	11.282140
88211	493783.434432	56.796547	0.459437	1.315887	10.824669
88215	493787.582291	56.907124	0.483896	1.315544	11.047508
88217	493789.655126	56.975206	0.463816	1.315732	10.913323
88223	493795.876287	56.637924	0.510819	1.318632	10.965527
88225	493797.949438	56.394287	0.535804	1.320673	10.597667
88227	493800.023001	56.502153	0.544968	1.319666	10.932901
88229	493802.096702	56.874810	0.462990	1.315441	11.061859
88237	493810.391846	56.439365	0.576427	1.319837	11.102198
88243	493816.612855	56.583662	0.500686	1.317873	10.373684
88245	493818.686574	56.026945	0.595631	1.319716	11.163079
88251	493824.908024	57.118397	0.511639	1.318279	10.795557
88253	493826.981046	56.398703	0.538071	1.317827	11.094894
88261	493835.275353	56.822350	0.468705	1.313712	10.505131
88265	493839.423106	56.671539	0.515547	1.317591	10.801698
88267	493841.497562	56.571630	0.566656	1.318575	10.870690
88281	493856.013003	56.644041	0.508691	1.317997	10.813361
88293	493868.455950	56.893126	0.476082	1.312241	11.049694
88299	493874.676647	58.204906	0.490665	1.315438	11.322346
88307	493882.970833	56.934116	0.477289	1.311630	10.544037
88315	493891.264929	56.913349	0.469370	1.311325	10.918614
88331	493907.854677	56.665724	0.506660	1.314327	11.524133
88333	493909.928015	56.904084	0.466232	1.310901	11.440325
88347	493924.444468	56.959525	0.491297	1.309888	11.298018
88351	493928.592567	56.887977	0.454174	1.310365	10.564097
88357	493934.812683	56.928924	0.477508	1.309900	10.971823
88361	493938.960238	56.710818	0.512027	1.313809	11.202952
88365	493943.107131	56.874179	0.449058	1.309458	10.837661
88367	493945.180572	56.790874	0.501252	1.313470	11.203448
88369	493947.255046	56.870380	0.465240	1.309115	10.615454
88383	493961.771031	56.730922	0.497447	1.312420	11.262829
88387	493965.918307	56.891476	0.452031	1.309059	11.216146
88405	493984.581458	56.707775	0.504746	1.311992	11.080402
88407	493986.655635	56.890874	0.455755	1.308428	10.924050
88417	493997.023402	56.852778	0.455089	1.307364	10.897459
88427	494007.393900	56.602907	0.520280	1.310440	11.240410
88429	494009.465433	56.463528	0.547672	1.312207	11.075834
88431	494011.539200	56.877980	0.450187	1.306602	10.729968
88437	494017.760479	56.722351	0.511744	1.310679	10.815205
88439	494019.834184	56.512524	0.536910	1.311392	11.169477
88443	494023.981229	56.481297	0.530943	1.311233	11.138286
88445	494026.054857	56.859309	0.449863	1.306263	10.859383
88459	494040.571200	56.739499	0.484049	1.309396	11.064153
88461	494042.645063	56.437696	0.555502	1.310656	11.175403
88463	494044.719037	56.430456	0.561690	1.310343	11.128373
88465	494046.792745	56.872712	0.449982	1.305615	11.122195
88479	494061.308562	56.602713	0.497676	1.309096	10.698183
88497	494079.971378	56.739586	0.499877	1.308198	10.998299
88499	494082.045177	56.870626	0.437198	1.303918	11.076622
88501	494084.118102	56.616448	0.480353	1.307813	10.993692
88505	494088.265924	56.928992	0.460452	1.303583	11.142790
88513	494096.560790	56.582242	0.494882	1.307507	10.932623
88515	494098.634415	56.909195	0.470088	1.303584	11.204894
88517	494100.708105	57.036938	0.505764	1.307925	10.976839
88521	494104.855369	56.938253	0.393017	1.302202	10.603606
88531	494115.223655	56.749885	0.508379	1.306965	10.884351
88533	494117.297088	56.933346	0.483531	1.302633	11.194374
88539	494123.518281	56.844268	0.449782	1.301965	10.939900
88549	494133.886656	56.906415	0.470219	1.301787	10.799538
88553	494138.033643	57.047565	0.480578	1.301875	11.283198
88559	494144.254554	56.734098	0.515186	1.305901	10.872167
88567	494152.550703	56.897800	0.466511	1.300988	10.893976
88569	494154.624217	56.663167	0.518213	1.305725	11.019288
88573	494158.772032	56.909760	0.469504	1.301053	10.999446
88577	494162.918675	56.550315	0.549310	1.306062	10.599057
88579	494164.992245	56.489393	0.541520	1.305300	11.184534
88581	494167.066049	56.909859	0.466438	1.300436	10.765509
88583	494169.140181	56.706047	0.509085	1.305034	10.861364
88585	494171.213352	56.570241	0.528794	1.304447	11.149794
88587	494173.287238	56.917519	0.458770	1.300360	11.173435
88605	494191.950954	56.461249	0.532286	1.303960	11.114431
88607	494194.024823	56.921971	0.463206	1.299680	11.095942
88613	494200.245526	57.097112	0.478676	1.299963	11.016001
88619	494206.466607	56.793714	0.459228	1.298562	10.917357
88625	494212.687383	56.438614	0.494178	1.303318	10.989671
88627	494214.760952	56.724047	0.456031	1.297890	11.100146
88631	494218.908948	56.677033	0.512417	1.302643	11.418813
88639	494227.204249	57.077387	0.456220	1.298525	11.142731
88645	494233.425182	56.724650	0.488728	1.301880	11.042902
88649	494237.571926	56.904081	0.443298	1.298013	10.865680
88655	494243.793411	57.002938	0.473231	1.297581	11.015086
88661	494250.014194	56.791433	0.514487	1.301529	10.732867
88663	494252.087031	56.897001	0.454589	1.297194	11.142602
88669	494258.308725	56.760472	0.511223	1.301054	10.826000
88673	494262.456015	56.913499	0.465529	1.296406	10.980967
88681	494270.749955	56.730336	0.509311	1.300421	11.331598
88683	494272.824534	56.880243	0.438734	1.296156	10.817964
88685	494274.897894	56.521860	0.510585	1.300226	11.028244
88689	494279.046046	56.876376	0.428313	1.296344	10.746994
88701	494291.488197	56.462515	0.559172	1.300621	11.455117
88703	494293.562064	56.855962	0.422316	1.295372	10.723211
88709	494299.782856	57.105989	0.457784	1.295532	11.197509
88717	494308.077957	56.669134	0.479913	1.299155	10.968793
88725	494316.372550	56.703856	0.484033	1.298536	10.946991
88727	494318.445754	56.450016	0.480534	1.298322	10.821059
88731	494322.594004	56.859845	0.419231	1.294470	10.926801
88735	494326.740902	56.623603	0.482534	1.297924	11.112313
88739	494330.889290	56.834678	0.430128	1.293621	10.875525
88741	494332.962354	56.985765	0.436769	1.293781	11.198847
88745	494337.110506	56.984021	0.425307	1.294234	10.845124
88753	494345.403501	56.684591	0.459072	1.297586	10.712959
88755	494347.476846	56.871465	0.414608	1.292959	10.410495
88757	494349.551512	56.903758	0.479436	1.291194	10.915869
88761	494353.698018	57.008355	0.438777	1.293033	10.905547
88767	494359.919711	56.833844	0.416851	1.292261	10.584408
88769	494361.992764	56.729389	0.448413	1.296077	11.036891
88771	494364.066659	56.898398	0.412166	1.292034	11.135228
88773	494366.140612	56.673082	0.460220	1.296014	11.075238
88775	494368.214118	56.831790	0.370649	1.291457	10.746806
88777	494370.289022	57.022978	0.426532	1.292045	10.804238
88787	494380.657061	56.682329	0.448816	1.296279	11.152215
88789	494382.730825	56.886982	0.407524	1.291522	11.143239
88795	494388.951793	56.499319	0.486317	1.296096	11.157256
88797	494391.025663	56.854995	0.416662	1.291027	10.845622
88801	494395.172102	57.049626	0.412730	1.290814	11.153772
88813	494407.616308	56.950136	0.423756	1.290082	10.427038
88819	494413.836555	56.973932	0.408014	1.290119	11.511114
88823	494417.984565	56.760496	0.438153	1.294403	11.131351
88825	494420.057565	56.902741	0.400456	1.289723	11.092201
88831	494426.279178	56.722393	0.461405	1.293398	10.964300
88837	494432.500644	56.989955	0.423023	1.289258	10.734794
88845	494440.795109	56.756872	0.434154	1.292428	10.896660
88851	494447.016561	56.405985	0.460533	1.292061	10.646134
88853	494449.090021	56.900890	0.399018	1.288152	11.344715
88857	494453.237305	56.263277	0.515191	1.293389	11.400340
88859	494455.311007	56.917232	0.391724	1.287906	10.676123
88865	494461.532137	56.518122	0.459028	1.292092	10.741065
88867	494463.604586	56.907874	0.395350	1.287390	10.928607
88881	494478.120505	56.912158	0.390900	1.287073	11.069507
88885	494482.268917	56.896931	0.401231	1.286417	11.451173
88893	494490.564226	56.415031	0.490959	1.291406	10.950428
88895	494492.637106	56.884893	0.407202	1.286399	11.049345
88901	494498.858801	56.949698	0.422268	1.286274	11.218694
88919	494517.522200	56.906829	0.398738	1.285017	11.199500
88923	494521.669215	56.453208	0.438847	1.289294	11.200243
88927	494525.817393	56.710760	0.456935	1.289362	11.492436
88929	494527.890419	56.851542	0.397137	1.284466	11.052894
88943	494542.406898	56.884700	0.379067	1.283993	11.006435
88957	494556.922920	56.737779	0.438655	1.287914	11.105415
88969	494569.365531	56.710776	0.433201	1.286802	10.921716
88977	494577.660120	56.698761	0.448587	1.287015	10.853985
88979	494579.733340	56.486505	0.466746	1.287006	10.929878
88981	494581.807189	56.876771	0.403153	1.282077	11.058160
88985	494585.954597	56.947985	0.405109	1.282378	10.861905
88987	494588.027992	56.716800	0.446438	1.286203	11.582147
88991	494592.174139	56.562095	0.440192	1.286117	10.534896
88993	494594.248755	56.806486	0.378954	1.281563	10.798117
88999	494600.470898	57.122598	0.429294	1.281816	11.223658
89003	494604.618241	56.806944	0.399071	1.280992	10.814111
89021	494623.280810	56.698602	0.429941	1.284520	11.527100
89029	494631.575171	56.700200	0.417595	1.284071	11.200593
89033	494635.723379	56.664143	0.421024	1.283741	11.541353
89035	494637.796859	56.887719	0.349867	1.279936	10.860009
89037	494639.870839	56.967259	0.396181	1.279461	11.108380
89055	494658.533706	57.016494	0.411654	1.279202	10.809042
89063	494666.828584	56.846832	0.387306	1.277928	10.708976
89069	494673.049788	56.992973	0.397823	1.278102	10.791739
89079	494683.417265	56.604033	0.403673	1.281806	11.104603
89081	494685.491627	56.824400	0.390536	1.277111	11.084897
89083	494687.564751	57.009380	0.398929	1.277532	10.863336
89089	494693.785695	57.043245	0.391504	1.276987	11.394173
89091	494695.859015	56.726674	0.424774	1.281036	10.612005
89095	494700.007484	56.741241	0.430207	1.281035	11.088858
89097	494702.081096	56.886747	0.386031	1.277037	11.000878
89101	494706.229105	56.426669	0.489199	1.280238	10.666472
89107	494712.449774	56.696302	0.443065	1.280459	11.185893
89111	494716.595693	56.552559	0.445983	1.280789	10.825577
89115	494720.743188	56.657033	0.445657	1.279782	11.017916
89135	494741.479393	56.745534	0.442828	1.278938	10.753481
89137	494743.553334	56.446209	0.487915	1.279297	10.747609
89153	494760.143163	56.721971	0.433269	1.278908	10.769360
89159	494766.363819	56.716407	0.432063	1.278140	11.204980
89161	494768.437914	56.925169	0.373536	1.274077	10.896542
89165	494772.585011	56.709380	0.429576	1.277564	10.977773
89167	494774.658690	56.454837	0.441600	1.277200	11.160485
89169	494776.732677	56.509664	0.448905	1.277603	11.050659
89171	494778.806449	56.909506	0.383293	1.273303	11.372034
89175	494782.953629	56.512751	0.422176	1.277954	10.495850
89177	494785.027348	56.894682	0.371815	1.272832	11.021604
89183	494791.248244	56.691416	0.421591	1.276143	11.124726
89185	494793.322176	56.478160	0.454948	1.276645	11.123305
89187	494795.395943	56.956193	0.380592	1.272321	11.125161
89193	494801.616875	56.726844	0.423958	1.275914	10.870603
89195	494803.690959	56.890256	0.373085	1.272046	10.898316
89199	494807.838008	56.887482	0.376236	1.271824	11.232422
89203	494811.985707	56.818014	0.367489	1.271509	10.972994
89207	494816.132760	56.909151	0.370726	1.271338	11.000789
89217	494826.501298	58.008188	0.423462	1.270539	11.207391
89227	494836.869469	56.927924	0.368738	1.270619	11.638968
89233	494843.090607	56.885323	0.366664	1.270138	11.351503
89237	494847.238262	56.743532	0.430912	1.274923	10.817465
89239	494849.311656	56.856069	0.371390	1.270048	10.691980
89247	494857.606376	56.750507	0.420501	1.273961	11.198460
89249	494859.680630	56.949694	0.386308	1.269566	11.177876
89253	494863.827970	57.089013	0.395743	1.269789	11.131734
89257	494867.975560	56.949803	0.394960	1.269230	10.882722
89259	494870.049491	56.696939	0.434044	1.273362	10.795549
89261	494872.122477	56.892278	0.376590	1.268797	11.365240
89273	494884.567023	56.687228	0.437776	1.272182	10.632292
89275	494886.639976	56.866131	0.372469	1.268120	11.146048
89279	494890.787915	56.688470	0.437382	1.272317	11.192547
89281	494892.861568	56.877172	0.378148	1.267955	11.062535
89287	494899.083065	56.944944	0.365724	1.267977	10.996554
89291	494903.230655	56.740144	0.436732	1.271629	11.042275
89293	494905.303701	57.002078	0.384862	1.267665	11.009624
89299	494911.524475	56.730659	0.431642	1.271375	10.977507
89301	494913.598317	56.921491	0.376845	1.267575	11.033122
89323	494936.409139	56.579512	0.449457	1.270875	11.160640
89325	494938.482349	56.926470	0.390884	1.266707	11.111734
89329	494942.630177	56.685419	0.449016	1.271378	10.825834
89331	494944.703817	56.900613	0.394005	1.266381	11.083983
89335	494948.849963	56.697792	0.480900	1.270942	11.581903
89341	494955.071622	57.033265	0.413871	1.265678	11.311339
89343	494957.145859	56.970859	0.417516	1.265510	11.101889
89351	494965.440394	56.706534	0.447704	1.269541	11.047283
89353	494967.514271	56.545199	0.462044	1.269215	10.952831
89355	494969.588022	56.979391	0.413489	1.265284	11.218922
89357	494971.660947	56.588251	0.455723	1.268611	11.161805
89359	494973.734371	56.890754	0.373966	1.264556	10.876942
89363	494977.882784	56.689227	0.431471	1.268632	11.388819
89365	494979.957128	56.571278	0.444133	1.267778	11.084540
89367	494982.029671	56.911055	0.382854	1.264440	11.167176
89373	494988.251113	56.747234	0.437723	1.268151	11.226659
89379	494994.472241	57.068263	0.413052	1.264087	10.939778
89387	495002.767388	56.934951	0.354514	1.263309	10.792610
89391	495006.914880	56.719224	0.421106	1.267352	11.253429
89393	495008.988309	56.893223	0.356947	1.262902	10.799974
89399	495015.209907	56.508788	0.469266	1.267545	11.536891
89401	495017.283600	56.518625	0.419076	1.266188	11.172240
89403	495019.357093	56.467914	0.464351	1.266396	11.020768
89405	495021.431045	56.961508	0.381529	1.262457	10.872325
89427	495044.241237	56.659127	0.418201	1.265436	11.137032
89429	495046.314682	56.512918	0.430209	1.264878	10.891898
89431	495048.388053	56.913729	0.377136	1.261147	11.124446
89435	495052.535918	56.174412	0.446805	1.266591	10.552563
89439	495056.683068	56.919552	0.383558	1.260593	10.623390
89449	495067.051606	56.926886	0.366811	1.260472	11.040694
89457	495075.346423	56.756143	0.432315	1.264054	10.809800
89459	495077.419758	57.054312	0.382913	1.260280	11.223453
89463	495081.566416	56.600514	0.448799	1.264429	10.405126
89465	495083.640052	56.640130	0.448529	1.263696	11.390406
89467	495085.713113	56.919904	0.393169	1.259662	10.986375
89473	495091.934135	56.437879	0.466511	1.262722	10.860895
89475	495094.007728	56.953407	0.394126	1.259281	11.399690
89487	495106.449623	56.768708	0.438349	1.262799	10.769443
89497	495116.818647	56.884071	0.386563	1.258183	11.008923
89501	495120.965278	57.264897	0.404936	1.258638	11.043411
89505	495125.113574	56.722850	0.430136	1.262428	11.535304
89507	495127.186337	56.551828	0.446642	1.262342	11.023897
89515	495135.482921	56.723246	0.458417	1.262031	11.360807
89521	495141.703914	56.986667	0.401225	1.257733	11.346411
89525	495145.851637	56.953384	0.453023	1.262051	11.274178
89527	495147.925513	56.913793	0.387788	1.257654	10.737460
89539	495160.367205	56.913195	0.405360	1.256344	11.157052
89551	495172.809227	56.662968	0.444864	1.259855	10.989434
89553	495174.883695	56.768205	0.400823	1.255289	10.871624
89555	495176.957042	56.599675	0.441205	1.259965	10.616989
89557	495179.030252	56.900362	0.382897	1.255701	10.934337
89563	495185.252414	57.146088	0.419737	1.255847	10.658431
89569	495191.473317	56.701568	0.434529	1.259768	10.695339
89571	495193.546828	56.918233	0.384800	1.255109	11.017303
89583	495205.989469	56.724722	0.429371	1.259121	10.857031
89585	495208.062809	56.937834	0.377984	1.254493	10.919002
89589	495212.209767	56.378498	0.467548	1.258959	10.798832
89595	495218.431266	57.076238	0.393292	1.253854	11.182677
89597	495220.504885	56.735373	0.424369	1.258724	10.710655
89599	495222.578158	56.914778	0.370679	1.253659	11.060075
89601	495224.652455	56.572850	0.424309	1.256825	11.128959
89603	495226.725709	56.904603	0.374967	1.253294	11.089985
89609	495232.946664	56.728391	0.415832	1.257304	11.265747
89611	495235.020827	56.231636	0.428085	1.257872	11.135819
89617	495241.242061	56.839673	0.412351	1.256799	11.180846
89619	495243.315636	56.895349	0.355743	1.252610	10.848911
89621	495245.388958	56.715717	0.419477	1.257054	11.167176
89623	495247.463011	56.932281	0.364740	1.252252	10.909955
89637	495261.979129	57.004096	0.380917	1.252147	11.432279
89641	495266.125199	57.491430	0.448422	1.252059	11.198103
89649	495274.419571	56.663346	0.435665	1.255835	11.010802
89653	495278.568532	56.732133	0.433771	1.256233	10.717528
89657	495282.715791	56.732780	0.426475	1.255286	10.716785
89667	495293.083673	56.863493	0.402117	1.254662	11.311319
89669	495295.157158	56.891646	0.375301	1.250688	11.500101
89673	495299.305584	56.632286	0.422410	1.254003	11.324026
89675	495301.379369	56.491584	0.421975	1.253999	10.983319
89679	495305.526634	57.595215	0.454090	1.250096	11.270071
89687	495313.821815	57.699747	0.458601	1.249820	10.951545
89697	495324.190285	56.656725	0.423309	1.252817	11.124299
89699	495326.264000	56.956787	0.369334	1.249472	11.203244
89717	495344.927014	56.773918	0.421884	1.252286	10.936147
89723	495351.147873	58.761490	0.417914	1.249374	11.090700
89725	495353.221283	56.918469	0.358277	1.248339	10.890686
89729	495357.369181	56.345318	0.460091	1.251833	11.208884
89731	495359.442832	57.051592	0.357141	1.248557	11.130741
89733	495361.516077	56.734045	0.417763	1.251668	11.170131
89735	495363.590238	56.920414	0.376169	1.247712	11.338636
89737	495365.663896	56.711566	0.420057	1.251772	11.188339
89739	495367.737544	56.895573	0.370047	1.247742	10.677869
89743	495371.885396	57.023193	0.401064	1.247495	11.106811
89749	495378.105214	56.530981	0.435962	1.251307	10.735530
89751	495380.179648	57.015016	0.393599	1.247139	11.348219
89755	495384.326545	56.965940	0.380532	1.247276	11.485104
89763	495392.622012	56.723903	0.427403	1.250356	11.020933
89765	495394.695325	56.877856	0.379205	1.246128	11.133636
89769	495398.842859	56.703979	0.431592	1.250497	11.121429
89771	495400.916937	56.932365	0.368867	1.246176	11.036013
89775	495405.063938	57.039412	0.403288	1.246699	11.102975
89781	495411.284232	56.531180	0.404490	1.249353	11.053046
89785	495415.432579	56.907798	0.354397	1.244755	10.879489
89787	495417.506267	56.884224	0.395795	1.250388	11.092851
89789	495419.578538	56.618556	0.423626	1.249710	10.903877
89791	495421.652272	56.476888	0.422115	1.249760	10.858703
89793	495423.724595	56.996104	0.341189	1.245870	11.152986
89795	495425.798988	56.758613	0.423904	1.249174	10.565312
89797	495427.872336	56.900958	0.353604	1.244911	11.206096
89805	495436.168396	57.101561	0.385620	1.244992	11.211316
89809	495440.316254	56.910495	0.368076	1.244857	11.340464
89815	495446.536731	56.693110	0.422941	1.248679	10.652375
89819	495450.684008	56.731986	0.410380	1.248010	10.951910
89825	495456.904779	56.907581	0.429824	1.247443	11.117899
89831	495463.125096	56.744946	0.411337	1.247644	10.901315
89837	495469.347012	56.743550	0.421866	1.247103	10.916202
89847	495479.716061	56.594956	0.420612	1.246844	10.764874
89865	495498.379351	56.852223	0.360155	1.242081	10.996820
89869	495502.526699	56.734531	0.409089	1.246288	11.260358
89875	495508.747190	56.709468	0.405797	1.245837	10.894083
89879	495512.895274	56.397967	0.412294	1.245437	11.368856
89885	495519.116399	56.444311	0.427346	1.245445	10.843563
89891	495525.335890	56.757735	0.392618	1.244416	10.870319
89899	495533.630444	56.723498	0.390394	1.245000	11.101866
89901	495535.704563	56.880560	0.341308	1.240051	10.996953
89909	495543.998889	56.728577	0.402298	1.243494	11.072981
89911	495546.073114	56.945761	0.350995	1.239438	10.986169
89913	495548.146532	56.713363	0.391483	1.243802	11.095801
89921	495556.441384	56.787691	0.404908	1.243815	10.748989
89925	495560.588702	56.964630	0.342837	1.238938	10.875428
89927	495562.662354	56.710442	0.392679	1.243502	10.982801
89939	495575.105501	56.712975	0.400990	1.242157	11.262609
89943	495579.252404	56.700016	0.385277	1.241601	11.199114
89951	495587.546669	58.523956	0.402258	1.238496	11.325915
89961	495597.915101	56.924376	0.347542	1.236948	10.893085
89963	495599.988913	56.711625	0.402460	1.241531	10.925456
89965	495602.062229	56.899264	0.339810	1.236727	10.822050
89979	495616.579307	56.760090	0.382976	1.240317	11.069079
89985	495622.799316	56.748831	0.397647	1.240228	10.989245
89989	495626.946971	57.089645	0.365385	1.235847	11.363411
89991	495629.020746	56.724231	0.398882	1.240240	10.834659
89995	495633.167653	56.940920	0.396923	1.239095	11.142436
89997	495635.241610	56.916774	0.351268	1.235165	10.736707
89999	495637.315116	56.707138	0.396057	1.239165	11.061938
90001	495639.388489	56.927572	0.340634	1.235110	10.550854
90005	495643.536244	56.740007	0.394670	1.239411	10.926286
90025	495664.272968	56.751803	0.400798	1.238700	11.442675
90027	495666.346813	56.968520	0.331865	1.234015	10.733288
90035	495674.641230	57.063080	0.366301	1.233932	10.642128
90039	495678.788936	56.731758	0.385731	1.237197	11.072898
90049	495689.156874	56.749116	0.377402	1.236534	11.051362
90051	495691.231019	56.481423	0.387525	1.236885	10.959610
90061	495701.599651	56.727142	0.398750	1.236858	10.903672
90069	495709.894502	56.463730	0.400820	1.235813	11.285305
90077	495718.189074	56.741353	0.401793	1.235352	11.182464
90091	495732.704782	56.718261	0.415644	1.234526	10.688379
90095	495736.851888	56.752829	0.409032	1.234773	11.191573
90097	495738.925658	56.459876	0.416321	1.234667	10.826800
90103	495745.146622	56.735788	0.426743	1.234602	11.344340
90111	495753.441690	56.728440	0.422410	1.235133	11.192007
90113	495755.514629	56.538685	0.418816	1.234242	11.445133
90121	495763.809665	56.653510	0.418114	1.233820	10.916344
90139	495782.473196	56.456777	0.395865	1.232345	11.124056
90141	495784.546456	56.907443	0.342431	1.229010	11.316034
90155	495799.062337	56.243004	0.380300	1.232504	11.306037
90175	495819.799510	56.742009	0.387024	1.232186	10.494290
90179	495823.946889	57.509961	0.411775	1.226466	11.107825
90181	495826.020879	56.685912	0.398636	1.231652	11.248229
90201	495846.757909	56.958138	0.341372	1.226339	11.256141
90215	495861.273902	56.709880	0.390869	1.228881	11.194537
90217	495863.347931	57.043458	0.327875	1.225867	11.410543
90229	495875.789274	56.528611	0.399933	1.229402	11.338801
90231	495877.862591	56.503631	0.377521	1.228844	10.659525
90233	495879.936066	56.947744	0.332424	1.224904	11.238604
90235	495882.010482	56.737386	0.392843	1.228482	10.984132
90239	495886.157104	57.057746	0.366426	1.224468	10.627463
90245	495892.378769	56.731862	0.389143	1.228436	11.084645
90251	495898.599588	56.754368	0.399118	1.228006	10.998636
90253	495900.673102	56.560799	0.369586	1.226898	11.056115
90255	495902.746338	56.940234	0.329006	1.223689	11.530601
90275	495923.483696	56.517861	0.382084	1.225955	11.156146
90283	495931.778117	57.039695	0.350553	1.222303	11.320126
90293	495942.146844	56.452270	0.406232	1.226296	11.122367
90303	495952.515004	56.119570	0.381974	1.224839	11.578635
90315	495964.957929	56.750822	0.379303	1.225460	11.031497
90325	495975.325588	57.141449	0.344921	1.220842	10.825372
90335	495985.694190	56.730910	0.374859	1.223445	10.929229
90339	495989.841113	56.682466	0.386610	1.223030	11.250367
90355	496006.431311	56.737284	0.387793	1.223177	10.715453
90371	496023.020640	56.707454	0.404324	1.223229	11.173547
90389	496041.683245	56.728160	0.454432	1.222463	11.233511
90403	496056.199117	56.727100	0.440453	1.222048	11.450810
90407	496060.346887	56.735416	0.432529	1.222631	10.657897
90413	496066.567491	56.728722	0.436355	1.222070	10.992897
90441	496095.599683	56.758846	0.417385	1.220830	11.250454
90443	496097.673120	56.952666	0.360835	1.216765	11.101076
90457	496112.188909	56.724805	0.413481	1.220173	11.182202
90459	496114.262354	56.941309	0.353313	1.215824	10.984772
90463	496118.410716	56.966484	0.387501	1.214912	11.091616
90467	496122.558816	57.714465	0.439067	1.215060	11.123769
90471	496126.706449	56.779272	0.410025	1.219146	10.741414
90479	496135.001093	56.505137	0.393900	1.218198	10.904220
90489	496145.369484	56.824731	0.402384	1.218265	10.944643
